BFacility_Ramps = -0.06083635178622088
BFacility_Seperated = 0.9852803601698517
BFacility_Shared = 0.7576952429981483
BIsland_small = -0.052163620437440744
BLane_1 = 0.5786782701189231
BSpeed_35 = -0.08092402546839361
BVolume_High = -0.8467293971178833
BVolume_Medium = -0.42409985351054846
