BEDUC_B_FR = -0.40819815453525315
BEDUC_B_FSep = -0.573459898231399
BEDUC_B_FShared = 0.17071641035447374
BEDUC_B_I = 0.24180337241987593
BEDUC_B_L = 0.539733433763389
BEDUC_B_S = 0.23099129862812653
BEDUC_B_VH = 0.6139446733911749
BEDUC_B_VM = 0.8014829735351254
BEDUC_LB_FR = 0.06747755906187287
BEDUC_LB_FSep = 0.2571954408787027
BEDUC_LB_FShared = 0.9903797952014384
BEDUC_LB_I = -0.19395224935784391
BEDUC_LB_L = -0.29359532714211406
BEDUC_LB_S = 0.8761634883594123
BEDUC_LB_VH = -0.10776102555707583
BEDUC_LB_VM = -0.21610215069091185
BEDUC_Miss_FR = -1.110036761612242
BEDUC_Miss_FSep = -3.415907426479935
BEDUC_Miss_FShared = -1.4810475486829113
BEDUC_Miss_I = -0.357308950084276
BEDUC_Miss_L = -1.434972253046957
BEDUC_Miss_S = 0.46729273156335355
BEDUC_Miss_VH = 0.11125341154636742
BEDUC_Miss_VM = -1.5878042617415478
BFacility_Ramps = -0.6372412301671612
BFacility_Seperated = 2.3714956765448125
BFacility_Shared = 1.3684732046212784
BGENDF_FR = 1.6256328813729415
BGENDF_FSep = 2.031493038811955
BGENDF_FShared = 0.6591539919815596
BGENDF_I = 0.28434418733818956
BGENDF_L = 0.017816828757328897
BGENDF_S = -0.26102199572926194
BGENDF_VH = -0.7717820708372259
BGENDF_VM = -0.26687787538747393
BGENDMiss_FR = -1.1161872915053714
BGENDMiss_FSep = 1.012860346526884
BGENDMiss_FShared = -0.44098898898386946
BGENDMiss_I = 0.39948629880068814
BGENDMiss_L = 0.876330281065836
BGENDMiss_S = -0.43985754848176883
BGENDMiss_VH = -0.29859803142341107
BGENDMiss_VM = 0.15453355146483513
BIsland_small = 0.20963932700577292
BLane_1 = 1.3505089474514775
BSpeed_35 = -0.5340457838971292
BVolume_High = -2.0664775107522875
BVolume_Medium = -0.9577190841006242
sigma_facility_ramps = 3.770161525016988
sigma_facility_seperated = -4.257806922693522
sigma_facility_shared = 1.7478862055813171
sigma_island_small = -0.6316284769887937
sigma_lane_1 = 1.8955169721070622
sigma_speed_35 = -1.0403694200586746
sigma_volume_high = 0.5417344657531094
sigma_volume_medium = -0.30029727678362206
