BAge_4554_VM = 1.2477686311872376
BAge_65_VM = 0.8386708359163735
BBIKES_L = 0.491487488917529
BBUseF_FR = 3.1402914165773543
BBUseF_FSep = 2.3562728855826243
BBUseN_VH = 1.3300937482777375
BBUseW_S = 0.7243894138306679
BBUseW_VH = 0.9011639652023214
BBUseW_VM = 0.45117372603484485
BCARS_I = -0.08580354193583933
BCARS_L = -0.35022099602323165
BCHILD_FSep = 0.9135767133771028
BCHILD_S = 0.25763300008284623
BCrash_FR = -1.1496155579262681
BCrash_S = 0.4734073387580987
BCrash_VM = 0.6052998413120594
BEDUC_B_VH = 0.5631801754043247
BEDUC_B_VM = 0.6706236498052207
BEDUC_Miss_FSep = -3.4163932195582185
BFacility_Ramps = -1.4452612270831322
BFacility_Seperated = 0.5124207205098504
BFacility_Shared = 0.6902433008634827
BGENDF_FSep = 2.0278446930533613
BGENDF_VH = -0.7911608075904051
BInc75100_VM = 0.7914937974718927
BInc_Missing_VH = -0.2153164041050885
BIsland_small = 0.36413922903703055
BLane_1 = 0.8791753625038232
BMODEROUND_A_FR = -1.652139983682674
BMODEROUND_A_FSep = -2.1235051882156815
BMODEROUND_A_S = 0.5308516965928071
BMODEROUND_A_VH = 0.8255494149786395
BMODEROUND_N_FShared = -0.8322956344662001
BMROUTE_B_YA_FSep = -0.05417750923965591
BMROUTE_B_YAt_FShared = 0.03996482110161015
BMROUTE_B_YP_FR = -1.617866577241809
BROUNDMODE_Miss_FShared = -4.728942916402636
BROUNDMODE_Miss_VH = 3.05014678801362
BROUNDMODE_YesLess_FR = 2.4895743490020545
BROUNDMODE_YesLess_FSep = 4.109273205868428
BROUNDMODE_YesMore_FShared = -1.6372285492973553
BSpeed_35 = -0.2043464378602086
BStudY_FSep = 1.8305295636404035
BVolume_High = -1.521657440190306
BVolume_Medium = -0.9934833448734557
Bbtype_E_FR = -2.622762979067248
Bbtype_E_FSep = -1.2603421414937956
Bbtype_Miss_L = -1.998276218876721
Bbtype_S_FSep = -3.2778868086832875
Bbtype_S_L = -0.985817664582842
Bbtype_S_VH = 1.131459563181735
sigma_facility_ramps = 3.6819468625477314
sigma_facility_seperated = -4.165337188821804
sigma_facility_shared = 1.7432087826999598
sigma_island_small = -0.23111402059898573
sigma_lane_1 = 1.698547068148918
sigma_speed_35 = -0.7715290604490571
sigma_volume_high = 0.7442939311689463
sigma_volume_medium = -0.3140677760896163
